positive/1649222795.05386.jpg 9 921 407 32 70 1070 598 81 43 969 675 81 33 795 578 60 54 667 474 44 57 538 434 37 38 468 476 66 59 713 578 40 76 386 675 44 40
positive/1649222813.1908975.jpg 8 552 338 37 64 485 411 48 26 957 431 49 63 1043 493 81 39 1085 554 40 67 1157 655 44 72 943 620 63 69 772 592 58 59
positive/1649222825.6736112.jpg 7 835 600 79 38 755 678 83 30 1158 613 50 82 1242 614 49 79 597 432 56 69 494 517 59 23 537 325 52 70
positive/1649222835.6811838.jpg 6 807 365 25 44 993 383 78 72 1064 639 75 70 839 638 77 76 612 379 63 72 938 515 90 59
positive/1649222844.7157004.jpg 5 1045 457 43 68 721 427 66 32 405 615 50 25 497 649 39 25 394 538 95 41
positive/1649222849.4749727.jpg 6 705 413 85 47 952 647 42 85 973 597 67 37 1059 540 40 80 1006 668 76 39 1249 654 49 74
positive/1649222852.5501487.jpg 5 709 395 46 36 1052 539 47 74 1238 573 48 86 877 494 57 57 951 650 47 76
positive/1649222864.9318566.jpg 8 898 683 50 92 1005 722 40 99 1081 768 68 82 981 575 74 68 723 293 61 54 670 285 49 51 606 298 36 32 517 313 66 60
positive/1649222867.7940204.jpg 9 536 312 61 62 612 298 33 37 671 280 48 49 779 340 55 45 944 558 65 65 1025 585 80 40 966 657 68 75 969 774 75 84 1079 770 64 101
positive/1649222869.4421148.jpg 5 1022 579 82 53 742 515 68 42 965 660 67 73 962 768 82 89 1060 805 59 81
positive/1649222870.551178.jpg 0
positive/1649222872.0672648.jpg 0
positive/1649222873.698358.jpg 0
positive/1649222875.2914493.jpg 2 818 213 35 38 987 396 71 49
positive/1649222881.5338063.jpg 10 1025 663 93 51 751 581 39 79 810 612 48 80 874 638 75 69 733 720 77 80 1089 231 30 24 905 200 29 20 830 182 30 30 955 167 43 41 906 222 43 39
positive/1649222882.749876.jpg 6 899 217 49 47 962 186 29 52 956 569 50 84 744 579 59 68 740 650 43 76 819 612 35 82
positive/1649222885.8740547.jpg 3 1120 735 47 94 1042 353 41 58 936 262 58 33
positive/1649222894.9425733.jpg 3 1082 602 58 67 907 204 34 39 963 214 26 27
positive/1649222899.100811.jpg 6 1028 145 38 50 922 548 70 43 775 566 89 42 891 782 59 99 765 495 75 61 685 613 84 34
positive/1649222906.3832276.jpg 8 713 331 59 43 667 379 85 34 727 433 66 42 869 616 69 67 709 666 68 39 1236 504 42 41 1307 500 34 43 1373 440 87 60
positive/1649222909.6734157.jpg 8 1025 483 82 40 945 559 58 64 695 659 88 48 764 357 72 57 722 432 74 44 1299 505 48 36 1402 399 46 36 1215 560 39 43
positive/1649222912.804595.jpg 10 841 360 51 67 749 376 49 71 804 582 64 64 947 623 44 84 1210 502 46 29 1231 561 47 35 1310 395 54 41 1381 430 58 70 1400 504 88 49 1451 598 84 53
positive/1649222918.6139271.jpg 8 720 471 54 62 848 479 55 64 999 471 88 46 966 320 62 59 1219 691 61 50 1180 780 62 109 1320 831 82 78 1395 793 73 88
positive/1649222920.1730163.jpg 5 1407 814 90 120 1115 684 39 55 831 264 65 47 908 431 57 61 971 474 72 44
positive/1649222921.5750966.jpg 0
positive/1649222923.6162133.jpg 3 714 467 62 70 917 302 62 56 872 328 53 57
positive/1649222925.5403233.jpg 4 877 311 59 34 893 356 60 32 862 389 59 57 973 477 69 30
positive/1649222927.2884235.jpg 5 1177 932 77 67 1116 795 47 57 1333 806 72 58 988 364 59 54 618 422 72 67
positive/1649222932.2357063.jpg 7 901 436 81 48 1047 268 48 63 915 304 73 43 1047 392 91 52 804 250 39 71 698 855 63 96 804 846 45 32
positive/1649222935.4838922.jpg 4 792 839 65 47 918 307 75 43 836 260 69 42 1001 544 68 44
positive/1649222938.94809.jpg 8 1051 403 88 45 1100 336 49 45 889 310 52 50 986 408 42 72 993 513 70 35 816 695 51 77 925 837 42 53 834 846 70 41
positive/1649222941.2732232.jpg 4 985 379 50 73 908 401 58 65 1068 401 71 54 814 681 59 95
positive/1649222947.0155516.jpg 12 728 588 48 50 770 531 71 72 1195 381 58 67 1016 553 62 49 1065 598 60 66 885 325 58 70 1012 307 66 53 391 724 92 69 562 702 63 71 728 728 50 45 524 902 38 39 562 934 99 73
positive/1649222947.9406047.jpg 7 391 723 88 64 557 698 76 78 747 760 63 32 523 891 40 57 560 933 98 74 957 312 66 42 1198 383 51 68
positive/1649222965.1515892.jpg 6 1088 377 55 82 1175 421 123 109 1591 512 226 144 339 397 118 57 476 431 96 66 301 469 55 54
positive/1649222970.3318853.jpg 4 1242 458 174 103 793 426 52 33 742 350 39 33 681 385 41 30
positive/1649222971.8189704.jpg 6 852 424 48 38 825 392 48 27 1267 427 179 140 515 525 104 113 1063 402 98 87 735 400 41 55
positive/1649222975.3941748.jpg 3 1140 399 41 31 1063 386 47 49 1147 442 65 101
positive/1649222977.6023011.jpg 3 587 553 205 187 963 397 61 48 1034 376 62 49
positive/1649222981.728537.jpg 7 173 511 93 124 551 474 170 129 1000 468 89 66 1068 437 89 76 1183 370 65 44 1159 421 27 39 1218 413 41 35
positive/1649222983.70365.jpg 5 401 592 172 191 628 456 122 98 1062 435 69 87 1223 431 148 76 1399 391 102 54
positive/1649222987.7718828.jpg 9 369 460 169 112 570 394 81 67 798 409 73 80 881 395 78 63 1200 401 52 67 1461 572 140 130 1436 465 65 54 1506 519 74 54 1722 455 171 98
positive/1649222990.1590192.jpg 9 348 450 196 123 1086 487 117 94 1305 547 186 114 1523 518 83 70 1623 446 162 90 792 420 81 62 592 392 63 63 1194 410 54 64 1390 445 57 32
positive/1649222995.7593396.jpg 7 1152 571 204 102 1112 650 234 195 1020 485 74 99 891 407 34 71 805 368 55 54 599 400 105 63 1409 456 59 99
positive/1649223002.8037424.jpg 5 673 383 91 59 922 522 133 88 1090 505 134 91 1035 626 196 127 1025 392 78 44
positive/1649223007.4510086.jpg 4 653 584 97 140 897 536 127 124 957 358 56 51 1261 443 125 83
positive/1649223082.061276.jpg 6 1106 180 79 139 972 245 102 111 236 106 130 106 908 563 167 89 419 654 137 143 1475 863 102 144
positive/1649223093.9439554.jpg 5 879 176 159 105 502 234 152 98 1163 738 223 125 7 540 149 199 694 549 90 168
positive/1649223099.340264.jpg 2 760 395 98 181 1316 444 255 155
positive/1649223107.5047312.jpg 7 658 152 70 51 513 158 143 71 632 248 123 142 895 335 125 114 832 901 163 87 307 469 66 65 237 28 155 83
positive/1649223110.3408933.jpg 5 1025 0 121 120 1253 135 46 57 908 172 130 92 988 388 141 81 848 887 175 83
positive/1649223113.4280698.jpg 7 1138 36 78 66 1329 102 61 78 1015 269 149 86 1021 550 152 131 692 623 138 133 526 694 151 143 378 669 135 111
positive/1649223118.7093718.jpg 7 1058 183 142 80 1249 312 88 51 1812 487 86 60 1058 315 113 124 819 641 170 96 541 356 72 142 468 239 95 119
positive/1649223120.6994858.jpg 6 786 58 135 102 722 163 129 98 1122 269 161 128 1290 397 145 101 1349 612 71 74 953 589 156 78
positive/1649223122.6685982.jpg 6 1113 35 63 139 1194 46 122 100 1249 488 156 88 1328 593 73 163 1203 856 60 98 965 799 84 163
positive/1649223126.7478318.jpg 7 1252 272 70 147 1459 335 141 108 271 605 172 72 609 745 151 132 791 929 91 79 1145 732 150 134 1031 856 153 127
positive/1649223141.3806686.jpg 4 1187 274 157 156 1069 387 93 172 846 576 190 161 81 239 98 81
positive/1649223143.643798.jpg 6 801 58 94 64 458 233 64 71 335 145 161 94 719 437 147 194 1480 412 195 156 364 563 209 163
positive/1649223146.2629478.jpg 5 552 239 116 136 676 312 78 150 853 304 50 149 1260 155 73 51 854 69 124 81
positive/1649223148.1270547.jpg 6 694 265 157 95 872 162 86 140 1003 304 129 133 1374 241 71 67 1705 341 123 77 1028 829 222 176
positive/1649223150.0361638.jpg 4 1149 409 189 128 1001 230 108 129 1218 230 98 133 605 849 275 137
positive/1649223152.0242774.jpg 4 1193 601 181 170 1189 482 182 119 1367 343 64 180 395 522 148 163
positive/1649223153.7403755.jpg 5 487 378 98 144 885 300 165 100 1049 400 80 169 1091 696 114 209 1420 503 152 194
positive/1649223156.406528.jpg 4 967 211 176 126 1090 372 163 138 1008 506 182 147 776 862 156 145
positive/1649223159.357697.jpg 5 595 555 256 252 1015 638 103 318 1332 488 311 218 1661 469 245 212 10 419 217 129
positive/1649223161.2078025.jpg 4 510 298 160 118 593 196 82 66 674 618 311 206 1118 646 149 308
positive/1649223162.9139004.jpg 7 454 649 366 272 584 494 303 169 716 344 151 142 974 288 151 95 1233 193 59 79 808 263 51 51 524 330 104 108
positive/1649223164.7200036.jpg 4 308 441 242 185 550 449 211 246 1727 356 77 66 1620 395 222 130
positive/1649223166.6281128.jpg 3 654 359 203 214 550 347 104 180 1579 345 172 98
positive/1649223168.449217.jpg 2 1705 509 192 161 972 344 64 132
positive/1649223170.2933226.jpg 3 1059 294 74 136 1154 426 237 161 1387 614 288 282
positive/1649223172.1894307.jpg 1 1387 367 178 168
positive/1649223195.7887807.jpg 9 1126 339 70 100 1305 665 64 132 1086 623 143 71 866 639 118 97 702 576 99 98 450 236 81 81 281 287 35 54 591 349 53 55 571 435 107 55
positive/1649223198.8599563.jpg 9 762 45 37 31 769 201 66 58 613 82 63 102 717 261 79 76 792 315 76 92 1149 478 115 95 969 701 104 99 1049 862 112 121 755 608 115 49
positive/1649223201.0530818.jpg 9 1058 12 103 75 1181 57 41 52 1041 201 68 38 935 176 91 99 925 294 126 62 1043 660 133 74 764 640 85 130 734 440 91 101 688 855 117 82
positive/1649223203.1692028.jpg 10 695 434 59 130 830 341 45 109 1042 256 94 100 1180 248 84 104 1274 349 53 46 1506 308 58 53 1545 219 113 88 1438 134 78 88 832 712 138 75 406 561 102 102
positive/1649223205.6463444.jpg 7 613 185 44 108 635 430 119 79 1038 488 116 64 1249 559 116 66 1326 670 43 75 1584 902 69 49 1584 902 69 49
positive/1649223207.263437.jpg 5 851 86 77 90 977 415 83 112 752 257 121 58 603 330 124 90 1130 900 60 66
positive/1649223209.3185546.jpg 6 754 181 99 73 990 210 86 103 1186 159 43 81 1085 356 120 76 909 763 113 129 736 924 79 43
positive/1649223215.2158916.jpg 8 443 251 116 52 233 228 69 104 608 422 58 59 631 499 91 92 992 432 111 73 1095 504 79 83 1372 628 72 128 988 782 141 66
positive/1649223224.6554317.jpg 6 157 253 81 107 724 470 142 86 1066 593 62 183 1283 398 164 109 1562 624 120 180 1459 825 113 182
positive/1649223226.7335505.jpg 6 1274 625 191 148 836 604 142 127 931 827 178 180 834 390 105 103 683 102 76 68 478 258 32 45
positive/1649223228.4996517.jpg 7 896 179 43 39 887 124 38 53 1134 94 90 69 968 383 49 96 761 424 66 131 739 692 126 200 957 784 114 206
positive/1649223231.2148068.jpg 7 449 636 209 146 1063 449 117 107 721 326 121 122 1337 181 82 76 1443 267 122 86 1588 353 74 52 1776 326 132 111
positive/1649223233.4829366.jpg 8 452 470 160 101 990 379 116 99 1073 497 138 138 1585 374 113 74 1801 507 108 133 1676 300 70 57 1175 312 75 113 871 319 59 69
positive/1649223235.5100527.jpg 4 656 275 109 114 1081 454 114 101 1346 488 100 132 1170 779 214 163
positive/1649223237.4691646.jpg 3 877 220 55 112 1126 553 129 141 1286 731 186 120
positive/1649223239.5602841.jpg 7 1464 526 87 113 1234 339 90 109 1016 390 101 167 926 636 187 108 826 896 106 110 234 735 106 114 0 617 88 141
positive/1649223243.489509.jpg 6 4 374 87 96 128 466 166 124 552 505 109 188 1503 480 188 185 1200 561 282 190 812 381 137 113
positive/1649223245.449621.jpg 6 496 332 100 62 664 346 103 76 718 419 132 121 1021 371 128 125 721 741 184 264 1259 754 261 248
positive/1649223247.1707194.jpg 5 1233 336 92 133 724 372 133 100 526 857 419 151 337 646 303 202 161 619 175 208
positive/1649223249.1658337.jpg 8 424 470 181 109 248 507 98 203 982 334 86 88 1680 396 101 68 1472 437 94 144 1320 387 43 46 1381 387 127 77 1379 339 67 56
positive/1649223250.8229284.jpg 4 1327 373 75 108 1588 540 141 143 783 378 126 76 467 381 114 121
positive/1649223253.2210658.jpg 3 1560 459 122 169 1450 723 224 280 1078 394 98 76
positive/1649223255.2461815.jpg 4 1082 589 147 198 975 766 185 241 1293 417 101 107 1180 378 74 92
positive/1649223258.5843725.jpg 4 768 623 223 209 1068 423 184 159 1562 612 114 183 383 625 279 205
positive/1649223287.8180444.jpg 16 967 401 43 25 1149 451 43 29 1245 442 41 37 1214 716 55 46 1184 548 95 61 1247 628 79 52 769 627 90 48 652 530 39 35 603 460 81 38 687 449 64 71 537 549 82 42 792 255 37 69 968 272 56 30 886 312 85 43 1046 312 32 53 1112 308 64 61
positive/1649223295.2894716.jpg 10 1241 423 59 42 1306 543 90 62 1163 633 42 42 1094 669 50 33 963 838 53 47 857 338 37 27 896 171 54 58 685 477 82 68 654 565 60 29 1056 303 55 62
positive/1649223298.1226337.jpg 11 1074 291 47 48 1176 265 57 62 969 278 30 28 1116 565 46 38 944 754 64 41 472 499 67 65 763 255 61 46 798 317 27 71 715 391 48 22 934 630 75 36 1153 715 110 72
positive/1649223300.68078.jpg 12 972 210 55 53 1186 327 76 48 1252 405 77 60 1071 541 68 75 1192 613 92 76 681 545 48 75 631 446 46 43 664 728 57 35 790 724 36 46 1053 802 71 56 825 575 67 75 879 287 41 41
positive/1649223304.3069875.jpg 15 925 256 37 38 1060 306 19 35 1092 344 81 47 1223 352 60 36 1236 522 60 82 983 583 46 83 786 474 53 86 890 385 63 46 704 312 81 55 725 706 67 91 578 696 83 43 745 582 45 50 829 729 61 56 1247 827 110 65 1252 700 67 39
positive/1649223306.4261088.jpg 8 805 458 40 42 1121 394 54 62 857 586 63 68 1202 707 74 67 601 403 64 62 1184 224 31 58 1010 284 28 22 1127 312 30 33
positive/1649223315.4636257.jpg 7 1396 536 173 193 789 435 120 91 721 475 48 63 922 760 101 217 375 508 159 107 466 413 121 65 1502 442 77 50
positive/1649223317.899765.jpg 4 226 500 103 128 533 585 117 253 561 435 100 77 961 376 65 48
positive/1649223320.9859414.jpg 6 1272 631 63 75 1386 517 186 140 1285 443 78 54 832 455 63 108 884 385 67 43 864 662 282 324
positive/1649223322.812046.jpg 8 668 445 81 99 847 699 110 113 1232 524 88 68 1353 403 118 76 1118 628 223 361 379 526 116 73 843 433 91 88 759 396 93 57
positive/1649223324.6111488.jpg 7 1052 586 46 85 1347 609 132 158 1248 474 109 74 1379 460 132 94 957 392 76 48 537 565 85 63 407 463 138 101
positive/1649223326.3512485.jpg 8 1079 511 78 75 1187 574 246 159 1441 428 137 80 773 579 87 79 309 406 67 83 591 416 101 54 764 471 125 109 1127 414 87 59
positive/1649223327.9993427.jpg 5 842 634 106 232 982 536 41 89 691 531 82 44 1476 476 56 46 1269 464 94 89
positive/1649223330.625493.jpg 5 779 538 70 77 376 441 173 74 466 517 210 119 1189 581 141 208 1073 385 63 50
positive/1649223352.5927494.jpg 10 1063 3 103 118 1119 182 111 100 1479 101 112 104 1133 578 151 74 1333 581 37 83 607 131 105 97 991 244 92 47 876 826 96 83 657 287 79 49 656 356 137 119
positive/1649223354.8868804.jpg 12 829 22 145 90 919 160 79 55 1320 170 125 129 1123 374 71 68 774 255 158 82 531 492 82 79 995 691 117 138 1141 548 107 137 1323 602 153 86 335 467 117 99 467 697 189 100 698 858 111 84
positive/1649223356.7219856.jpg 12 1076 42 124 88 769 240 81 81 1015 233 120 108 1166 461 56 79 876 706 173 84 1070 749 88 180 287 587 175 80 563 355 47 90 280 320 179 80 1552 146 110 123 913 879 86 56 748 780 82 179
positive/1649223361.3272488.jpg 8 741 37 118 93 1038 165 85 58 1144 157 137 83 1331 463 41 68 1326 590 141 72 791 737 75 157 644 942 175 63 919 890 100 45
positive/1649223362.9623425.jpg 10 1033 62 99 140 342 234 115 127 361 468 78 169 462 698 137 123 726 701 72 81 990 771 120 132 1175 745 137 145 545 529 66 63 1264 317 64 56 1348 372 132 127
positive/1649223364.6914413.jpg 11 1404 276 172 103 1582 548 159 101 1668 364 126 160 1340 625 46 73 1323 716 103 167 851 661 99 177 749 508 78 60 635 370 70 71 434 442 135 131 350 624 109 53 1030 851 92 87
positive/1649223366.3875384.jpg 11 616 162 125 116 819 226 103 56 801 376 59 70 788 496 81 144 1312 388 89 95 1452 715 174 166 1162 906 106 52 419 528 201 134 371 286 146 146 502 217 66 81 213 527 147 92
positive/1649223373.1879272.jpg 10 1251 5 133 95 1168 196 151 94 1464 253 112 136 1025 64 56 63 620 102 95 63 368 176 166 102 787 585 186 213 1618 302 101 74 1747 191 146 124 1835 340 68 74
positive/1649223375.0490336.jpg 9 1168 83 61 77 1538 190 70 71 784 52 120 91 756 161 92 113 959 196 159 109 979 368 144 148 457 578 77 80 208 606 155 170 407 697 126 156
positive/1649223376.6221237.jpg 11 1173 29 74 125 1645 299 69 88 1426 408 216 128 1039 386 103 180 576 358 75 60 139 283 83 84 379 17 111 111 60 375 171 96 15 574 219 133 399 262 133 148 331 413 211 123
positive/1649223378.041205.jpg 9 693 153 154 100 747 275 83 58 1148 256 140 159 997 214 115 132 1006 481 78 158 329 202 147 157 378 57 120 112 732 93 70 53 1573 691 106 261
positive/1649223379.5832932.jpg 10 1339 412 91 196 1233 304 97 175 1246 158 47 58 1013 258 101 63 971 86 79 129 783 73 87 125 695 519 209 134 1216 789 169 215 1534 69 117 92 1366 30 115 90
positive/1649223381.2123864.jpg 11 773 148 57 67 1059 78 108 118 1182 52 119 71 1193 312 81 82 704 430 142 161 726 710 214 200 1280 442 152 179 1520 304 89 83 1790 323 105 132 1470 651 214 165 1314 236 153 129
positive/1649223383.4325132.jpg 11 1353 288 78 85 1489 183 134 105 1724 324 136 191 1540 559 240 130 1343 511 86 116 1127 657 168 241 791 326 108 189 632 240 54 83 611 85 119 118 201 335 103 56 317 71 95 138
positive/1649223386.1946714.jpg 10 1040 294 79 70 800 295 80 58 1172 779 120 104 1547 619 76 78 882 339 159 99 851 87 114 103 342 189 80 80 1354 92 58 51 186 393 143 170 273 273 191 100
positive/1649223390.8459375.jpg 8 1061 403 79 90 1201 452 95 127 1345 507 334 288 1292 139 154 106 1064 156 106 97 671 274 74 63 352 445 83 101 186 574 311 194
positive/1649223392.849052.jpg 7 433 367 213 148 186 594 176 100 1248 490 96 96 1335 342 150 151 1242 275 112 83 1380 583 186 138 839 261 79 57
positive/1649223394.302135.jpg 7 565 484 131 88 1196 601 158 120 1414 485 293 199 1328 362 90 158 824 498 302 174 577 252 149 106 1450 293 191 121
positive/1649223395.6632128.jpg 7 318 237 166 116 539 211 79 86 765 451 94 195 911 650 141 178 1361 506 195 217 1303 741 262 258 70 415 166 80
positive/1649223397.1292965.jpg 6 966 655 399 263 1217 307 102 158 1374 220 134 94 1684 301 222 136 620 595 103 140 569 334 150 161
positive/1649223398.5613785.jpg 7 1085 269 74 61 1270 429 116 77 1406 427 198 174 162 529 328 216 542 489 124 84 901 231 135 115 1618 288 178 120
positive/1649223400.085466.jpg 6 1508 476 124 106 1573 326 134 96 1359 277 204 143 874 255 82 51 651 448 84 100 338 444 201 246
positive/1649223401.6225536.jpg 7 80 340 106 179 438 371 68 67 1258 291 89 65 1556 236 89 66 1139 213 76 90 1043 384 204 194 707 321 124 133
